0;Compte 0;1976
1;Compte 1;2005
1;Compte 1;2005
3;Compte 3;2006
4;Compte 4;1968
5;Compte 5;2002
6;Compte 6;1978
7;Compte 7;1973
8;Compte 8;2015
9;Compte 9;2008
10;Compte 10;1975
11;Compte 11;1995
12;Compte 12;1970
13;Compte 13;1984
14;Compte 14;2001
15;Compte 15;2015
16;Compte 16;2013
17;Compte 17;1992
18;Compte 18;1980
19;Compte 19;1972
20;Compte 20;1981
21;Compte 21;2006
22;Compte 22;2004
23;Compte 23;1986
24;Compte 24;2001
25;Compte 25;1991
26;Compte 26;1981
27;Compte 27;2015
28;Compte 28;2010
29;Compte 29;2016
30;Compte 30;1971
31;Compte 31;1971
32;Compte 32;2002
33;Compte 33;1980
34;Compte 34;2006
35;Compte 35;2009
36;Compte 36;1993
37;Compte 37;1980
38;Compte 38;1973
39;Compte 39;2005
40;Compte 40;2002
41;Compte 41;1996
42;Compte 42;1983
43;Compte 43;1969
44;Compte 44;1974
45;Compte 45;2012
46;Compte 46;2001
47;Compte 47;1995
48;Compte 48;2006
49;Compte 49;1998
50;Compte 50;1991
51;Compte 51;2013
52;Compte 52;2015
53;Compte 53;1981
54;Compte 54;2016
55;Compte 55;1977
56;Compte 56;1979
57;Compte 57;2015
58;Compte 58;2017
59;Compte 59;1984
60;Compte 60;1991
61;Compte 61;2005
62;Compte 62;2012
63;Compte 63;2005
64;Compte 64;1991
65;Compte 65;1984
66;Compte 66;1992
67;Compte 67;1979
68;Compte 68;1999
69;Compte 69;2016
70;Compte 70;1998
71;Compte 71;2016
72;Compte 72;1993
73;Compte 73;1985
74;Compte 74;2012
75;Compte 75;2007
76;Compte 76;1993
77;Compte 77;2014
78;Compte 78;1971
79;Compte 79;2001
80;Compte 80;1986
81;Compte 81;1982
82;Compte 82;1982
83;Compte 83;1998
84;Compte 84;2002
85;Compte 85;1971
86;Compte 86;2005
87;Compte 87;2011
88;Compte 88;1975
89;Compte 89;1986
90;Compte 90;1998
91;Compte 91;1977
92;Compte 92;1975
93;Compte 93;1998
94;Compte 94;2012
95;Compte 95;2010
96;Compte 96;1978
97;Compte 97;1985
98;Compte 98;2007
99;Compte 99;2003
100;Compte 100;1996
101;Compte 101;1970
102;Compte 102;2017
103;Compte 103;2014
104;Compte 104;1982
105;Compte 105;2017
106;Compte 106;1993
107;Compte 107;2001
108;Compte 108;2016
109;Compte 109;1975
110;Compte 110;2003
111;Compte 111;2003
112;Compte 112;1992
113;Compte 113;1971
114;Compte 114;2002
115;Compte 115;2003
116;Compte 116;1972
117;Compte 117;1974
118;Compte 118;2002
119;Compte 119;1998
120;Compte 120;1978
121;Compte 121;1974
122;Compte 122;1976
123;Compte 123;2009
124;Compte 124;1996
125;Compte 125;2013
126;Compte 126;2008
127;Compte 127;2013
128;Compte 128;1973
129;Compte 129;1978
130;Compte 130;1970
131;Compte 131;2016
132;Compte 132;2001
133;Compte 133;1993
134;Compte 134;1982
135;Compte 135;1975
136;Compte 136;1989
137;Compte 137;1969
138;Compte 138;2006
139;Compte 139;1978
140;Compte 140;1971
141;Compte 141;1971
142;Compte 142;2012
143;Compte 143;1969
144;Compte 144;2002
145;Compte 145;2003
146;Compte 146;2000
147;Compte 147;1995
148;Compte 148;2009
149;Compte 149;2015
150;Compte 150;1969
151;Compte 151;1985
152;Compte 152;1970
153;Compte 153;1983
154;Compte 154;2011
155;Compte 155;2006
156;Compte 156;1973
157;Compte 157;1978
158;Compte 158;1993
159;Compte 159;1969
160;Compte 160;1982
161;Compte 161;1989
162;Compte 162;2014
163;Compte 163;2000
164;Compte 164;1996
165;Compte 165;1994
166;Compte 166;2009
167;Compte 167;1968
168;Compte 168;1971
169;Compte 169;1993
170;Compte 170;2016
171;Compte 171;1999
172;Compte 172;1979
173;Compte 173;1994
174;Compte 174;2016
175;Compte 175;2012
176;Compte 176;1991
177;Compte 177;1969
178;Compte 178;2006
179;Compte 179;2012
180;Compte 180;1999
181;Compte 181;1983
182;Compte 182;1982
183;Compte 183;2013
184;Compte 184;1984
185;Compte 185;1983
186;Compte 186;2012
187;Compte 187;1970
188;Compte 188;2015
189;Compte 189;1977
190;Compte 190;1995
191;Compte 191;2005
192;Compte 192;1986
193;Compte 193;1981
194;Compte 194;2014
195;Compte 195;1997
196;Compte 196;2010
197;Compte 197;1981
198;Compte 198;2000
199;Compte 199;2002
200;Compte 200;1976
201;Compte 201;2015
202;Compte 202;1974
203;Compte 203;1974
204;Compte 204;1993
205;Compte 205;1998
206;Compte 206;2009
207;Compte 207;1970
208;Compte 208;2010
209;Compte 209;2011
210;Compte 210;1972
211;Compte 211;1968
212;Compte 212;1978
213;Compte 213;1998
214;Compte 214;2012
215;Compte 215;2005
216;Compte 216;1977
217;Compte 217;1975
218;Compte 218;2003
219;Compte 219;1969
220;Compte 220;2012
221;Compte 221;2001
222;Compte 222;2007
223;Compte 223;1999
224;Compte 224;2011
225;Compte 225;2005
226;Compte 226;1991
227;Compte 227;2014
228;Compte 228;2011
229;Compte 229;2006
230;Compte 230;1979
231;Compte 231;2000
232;Compte 232;1990
233;Compte 233;1985
234;Compte 234;1994
235;Compte 235;1971
236;Compte 236;1975
237;Compte 237;2005
238;Compte 238;1987
239;Compte 239;2003
240;Compte 240;2006
241;Compte 241;2009
242;Compte 242;1974
243;Compte 243;1986
244;Compte 244;1997
245;Compte 245;2003
246;Compte 246;2006
247;Compte 247;2001
248;Compte 248;1992
249;Compte 249;1984
250;Compte 250;2013
251;Compte 251;2010
252;Compte 252;1978
253;Compte 253;1973
254;Compte 254;2008
255;Compte 255;1995
256;Compte 256;1973
257;Compte 257;1993
258;Compte 258;1998
259;Compte 259;1972
260;Compte 260;1975
261;Compte 261;1984
262;Compte 262;1978
263;Compte 263;2017
264;Compte 264;1983
265;Compte 265;2004
266;Compte 266;1986
267;Compte 267;1986
268;Compte 268;2010
269;Compte 269;1987
270;Compte 270;1998
271;Compte 271;1976
272;Compte 272;1989
273;Compte 273;1977
274;Compte 274;1989
275;Compte 275;2015
276;Compte 276;1998
277;Compte 277;1979
278;Compte 278;1991
279;Compte 279;1982
280;Compte 280;2002
281;Compte 281;1971
282;Compte 282;2017
283;Compte 283;2003
284;Compte 284;1983
285;Compte 285;2015
286;Compte 286;1999
287;Compte 287;1970
288;Compte 288;2004
289;Compte 289;1968
290;Compte 290;2016
291;Compte 291;2007
292;Compte 292;1994
293;Compte 293;1969
294;Compte 294;1980
295;Compte 295;1978
296;Compte 296;2010
297;Compte 297;2001
298;Compte 298;2006
299;Compte 299;1995
300;Compte 300;1968
301;Compte 301;1988
302;Compte 302;2005
303;Compte 303;1988
304;Compte 304;1981
305;Compte 305;1978
306;Compte 306;1979
307;Compte 307;1994
308;Compte 308;2013
309;Compte 309;1989
310;Compte 310;1982
311;Compte 311;2011
312;Compte 312;1986
313;Compte 313;1974
314;Compte 314;1975
315;Compte 315;1987
316;Compte 316;1996
317;Compte 317;1996
318;Compte 318;1988
319;Compte 319;2014
320;Compte 320;1978
321;Compte 321;2016
322;Compte 322;1998
323;Compte 323;2006
324;Compte 324;1992
325;Compte 325;1971
326;Compte 326;1976
327;Compte 327;1997
328;Compte 328;2013
329;Compte 329;1987
330;Compte 330;1987
331;Compte 331;1981
332;Compte 332;1991
333;Compte 333;1993
334;Compte 334;1988
335;Compte 335;1977
336;Compte 336;2014
337;Compte 337;2017
338;Compte 338;1970
339;Compte 339;2003
340;Compte 340;2006
341;Compte 341;1986
342;Compte 342;1984
343;Compte 343;2010
344;Compte 344;1981
345;Compte 345;2017
346;Compte 346;1968
347;Compte 347;1970
348;Compte 348;1994
349;Compte 349;1982
350;Compte 350;1981
351;Compte 351;2000
352;Compte 352;2005
353;Compte 353;1968
354;Compte 354;2017
355;Compte 355;1986
356;Compte 356;1972
357;Compte 357;1968
358;Compte 358;2011
359;Compte 359;2001
360;Compte 360;1982
361;Compte 361;2004
362;Compte 362;1991
363;Compte 363;1983
364;Compte 364;1998
365;Compte 365;1997
366;Compte 366;1991
367;Compte 367;2011
368;Compte 368;1983
369;Compte 369;1969
370;Compte 370;2006
371;Compte 371;1971
372;Compte 372;1991
373;Compte 373;1996
374;Compte 374;1980
375;Compte 375;2002
376;Compte 376;2017
377;Compte 377;1976
378;Compte 378;1996
379;Compte 379;1988
380;Compte 380;1975
381;Compte 381;1998
382;Compte 382;2002
383;Compte 383;1977
384;Compte 384;1971
385;Compte 385;1977
386;Compte 386;1988
387;Compte 387;1997
388;Compte 388;2016
389;Compte 389;1968
390;Compte 390;1998
391;Compte 391;1986
392;Compte 392;2014
393;Compte 393;1999
394;Compte 394;1974
395;Compte 395;1976
396;Compte 396;1987
397;Compte 397;1990
398;Compte 398;2012
399;Compte 399;1975
400;Compte 400;1991
401;Compte 401;1980
402;Compte 402;2003
403;Compte 403;1970
404;Compte 404;1995
405;Compte 405;2002
406;Compte 406;2002
407;Compte 407;1986
408;Compte 408;2015
409;Compte 409;2007
410;Compte 410;1969
411;Compte 411;2004
412;Compte 412;1978
413;Compte 413;1979
414;Compte 414;1991
415;Compte 415;1969
416;Compte 416;2014
417;Compte 417;1996
418;Compte 418;2013
419;Compte 419;1996
420;Compte 420;2008
421;Compte 421;1984
422;Compte 422;1977
423;Compte 423;1990
424;Compte 424;2009
425;Compte 425;2005
426;Compte 426;1986
427;Compte 427;1971
428;Compte 428;2017
429;Compte 429;1972
430;Compte 430;1981
431;Compte 431;2007
432;Compte 432;2012
433;Compte 433;2003
434;Compte 434;1980
435;Compte 435;1978
436;Compte 436;2003
437;Compte 437;2004
438;Compte 438;2016
439;Compte 439;2016
440;Compte 440;2005
441;Compte 441;2014
442;Compte 442;2014
443;Compte 443;2011
444;Compte 444;2015
445;Compte 445;1983
446;Compte 446;1972
447;Compte 447;1997
448;Compte 448;1997
449;Compte 449;2013
450;Compte 450;1980
451;Compte 451;2004
452;Compte 452;1991
453;Compte 453;1975
454;Compte 454;1983
455;Compte 455;2002
456;Compte 456;2012
457;Compte 457;2012
458;Compte 458;1999
459;Compte 459;2006
460;Compte 460;1981
461;Compte 461;1989
462;Compte 462;1969
463;Compte 463;1985
464;Compte 464;1993
465;Compte 465;1993
466;Compte 466;1998
467;Compte 467;2003
468;Compte 468;2001
469;Compte 469;1980
470;Compte 470;1980
471;Compte 471;1978
472;Compte 472;2009
473;Compte 473;2016
474;Compte 474;2004
475;Compte 475;1999
476;Compte 476;1997
477;Compte 477;2003
478;Compte 478;1971
479;Compte 479;2008
480;Compte 480;2000
481;Compte 481;2001
482;Compte 482;1975
483;Compte 483;1997
484;Compte 484;1996
485;Compte 485;1987
486;Compte 486;1988
487;Compte 487;1994
488;Compte 488;2000
489;Compte 489;1979
490;Compte 490;1980
491;Compte 491;1996
492;Compte 492;2001
493;Compte 493;1985
494;Compte 494;2013
495;Compte 495;2002
496;Compte 496;2015
497;Compte 497;2000
498;Compte 498;1990
499;Compte 499;1969
500;Compte 500;1984
501;Compte 501;2005
502;Compte 502;2004
503;Compte 503;1987
504;Compte 504;2008
505;Compte 505;2008
506;Compte 506;2000
507;Compte 507;1996
508;Compte 508;1999
509;Compte 509;1981
510;Compte 510;1990
511;Compte 511;1989
512;Compte 512;2008
513;Compte 513;2014
514;Compte 514;1977
515;Compte 515;2000
516;Compte 516;2007
517;Compte 517;1986
518;Compte 518;1971
519;Compte 519;2000
520;Compte 520;2000
521;Compte 521;1984
522;Compte 522;2013
523;Compte 523;1995
524;Compte 524;1986
525;Compte 525;1984
526;Compte 526;2001
527;Compte 527;2015
528;Compte 528;1997
529;Compte 529;1976
530;Compte 530;1971
531;Compte 531;1972
532;Compte 532;1988
533;Compte 533;1984
534;Compte 534;2007
535;Compte 535;1992
536;Compte 536;2009
537;Compte 537;1975
538;Compte 538;2009
539;Compte 539;1976
540;Compte 540;2012
541;Compte 541;1969
542;Compte 542;1971
543;Compte 543;2014
544;Compte 544;1999
545;Compte 545;1991
546;Compte 546;1997
547;Compte 547;2013
548;Compte 548;1982
549;Compte 549;2004
550;Compte 550;2015
551;Compte 551;1972
552;Compte 552;1978
553;Compte 553;1969
554;Compte 554;1991
555;Compte 555;2001
556;Compte 556;2006
557;Compte 557;1971
558;Compte 558;1994
559;Compte 559;2005
560;Compte 560;1973
561;Compte 561;1977
562;Compte 562;1970
563;Compte 563;1968
564;Compte 564;1977
565;Compte 565;2009
566;Compte 566;1981
567;Compte 567;1968
568;Compte 568;1994
569;Compte 569;1986
570;Compte 570;2002
571;Compte 571;1971
572;Compte 572;2012
573;Compte 573;1996
574;Compte 574;2000
575;Compte 575;1982
576;Compte 576;2001
577;Compte 577;1988
578;Compte 578;1981
579;Compte 579;1977
580;Compte 580;1968
581;Compte 581;1982
582;Compte 582;1993
583;Compte 583;1976
584;Compte 584;2010
585;Compte 585;1980
586;Compte 586;2012
587;Compte 587;2017
588;Compte 588;2013
589;Compte 589;1973
590;Compte 590;1996
591;Compte 591;2013
592;Compte 592;2003
593;Compte 593;1995
594;Compte 594;1979
595;Compte 595;1971
596;Compte 596;2017
597;Compte 597;1985
598;Compte 598;1977
599;Compte 599;1994
600;Compte 600;2000
601;Compte 601;2016
602;Compte 602;2017
603;Compte 603;1970
604;Compte 604;2000
605;Compte 605;2017
606;Compte 606;2010
607;Compte 607;1984
608;Compte 608;1988
609;Compte 609;1993
610;Compte 610;1996
611;Compte 611;1999
612;Compte 612;1971
613;Compte 613;1980
614;Compte 614;2006
615;Compte 615;2004
616;Compte 616;1992
617;Compte 617;2009
618;Compte 618;1994
619;Compte 619;2016
620;Compte 620;2011
621;Compte 621;1977
622;Compte 622;1988
623;Compte 623;2011
624;Compte 624;1977
625;Compte 625;1982
626;Compte 626;2005
627;Compte 627;2015
628;Compte 628;1990
629;Compte 629;1987
630;Compte 630;1983
631;Compte 631;1978
632;Compte 632;2002
633;Compte 633;2001
634;Compte 634;2011
635;Compte 635;2004
636;Compte 636;1971
637;Compte 637;1994
638;Compte 638;2010
639;Compte 639;1998
640;Compte 640;1968
641;Compte 641;1985
642;Compte 642;2015
643;Compte 643;1980
644;Compte 644;1981
645;Compte 645;1980
646;Compte 646;1995
647;Compte 647;1977
648;Compte 648;1994
649;Compte 649;1978
650;Compte 650;1973
651;Compte 651;1993
652;Compte 652;1998
653;Compte 653;1989
654;Compte 654;1977
655;Compte 655;2006
656;Compte 656;2012
657;Compte 657;1987
658;Compte 658;1991
659;Compte 659;2017
660;Compte 660;1999
661;Compte 661;1978
662;Compte 662;2002
663;Compte 663;2017
664;Compte 664;1968
665;Compte 665;1979
666;Compte 666;1970
667;Compte 667;1969
668;Compte 668;2005
669;Compte 669;1975
670;Compte 670;2012
671;Compte 671;1997
672;Compte 672;1994
673;Compte 673;1980
674;Compte 674;1986
675;Compte 675;1975
676;Compte 676;1988
677;Compte 677;1971
678;Compte 678;2016
679;Compte 679;2006
680;Compte 680;1978
681;Compte 681;1996
682;Compte 682;2005
683;Compte 683;1989
684;Compte 684;1998
685;Compte 685;2013
686;Compte 686;1968
687;Compte 687;1980
688;Compte 688;2015
689;Compte 689;1978
690;Compte 690;1990
691;Compte 691;1982
692;Compte 692;1974
693;Compte 693;1973
694;Compte 694;2006
695;Compte 695;1997
696;Compte 696;1972
697;Compte 697;1968
698;Compte 698;1996
699;Compte 699;1991
700;Compte 700;1982
701;Compte 701;1994
702;Compte 702;1974
703;Compte 703;2011
704;Compte 704;2004
705;Compte 705;2006
706;Compte 706;1986
707;Compte 707;1995
708;Compte 708;1977
709;Compte 709;1989
710;Compte 710;2006
711;Compte 711;1970
712;Compte 712;1984
713;Compte 713;1979
714;Compte 714;1986
715;Compte 715;2014
716;Compte 716;1994
717;Compte 717;1984
718;Compte 718;1994
719;Compte 719;2016
720;Compte 720;1985
721;Compte 721;1988
722;Compte 722;2017
723;Compte 723;1986
724;Compte 724;1969
725;Compte 725;1987
726;Compte 726;1972
727;Compte 727;1980
728;Compte 728;2002
729;Compte 729;2015
730;Compte 730;2013
731;Compte 731;1976
732;Compte 732;2002
733;Compte 733;1990
734;Compte 734;2003
735;Compte 735;2006
736;Compte 736;1977
737;Compte 737;1994
738;Compte 738;1977
739;Compte 739;1999
740;Compte 740;1997
741;Compte 741;1982
742;Compte 742;1999
743;Compte 743;1984
744;Compte 744;2001
745;Compte 745;2009
746;Compte 746;1989
747;Compte 747;1973
748;Compte 748;2008
749;Compte 749;2009
750;Compte 750;1998
751;Compte 751;1990
752;Compte 752;2006
753;Compte 753;2017
754;Compte 754;2017
755;Compte 755;2002
756;Compte 756;1973
757;Compte 757;2016
758;Compte 758;1981
759;Compte 759;2012
760;Compte 760;1982
761;Compte 761;2005
762;Compte 762;2016
763;Compte 763;1991
764;Compte 764;2003
765;Compte 765;1999
766;Compte 766;2013
767;Compte 767;1992
768;Compte 768;1991
769;Compte 769;2016
770;Compte 770;1989
771;Compte 771;1970
772;Compte 772;1972
773;Compte 773;2001
774;Compte 774;1987
775;Compte 775;1985
776;Compte 776;1997
777;Compte 777;1984
778;Compte 778;1973
779;Compte 779;1998
780;Compte 780;1997
781;Compte 781;1994
782;Compte 782;1993
783;Compte 783;1970
784;Compte 784;2000
785;Compte 785;2005
786;Compte 786;1994
787;Compte 787;1986
788;Compte 788;1987
789;Compte 789;2016
790;Compte 790;2011
791;Compte 791;1998
792;Compte 792;2006
793;Compte 793;1979
794;Compte 794;2014
795;Compte 795;1975
796;Compte 796;1970
797;Compte 797;1976
798;Compte 798;2006
799;Compte 799;2013
800;Compte 800;1979
801;Compte 801;1983
802;Compte 802;1985
803;Compte 803;2001
804;Compte 804;2013
805;Compte 805;2011
806;Compte 806;1987
807;Compte 807;1988
808;Compte 808;1985
809;Compte 809;1980
810;Compte 810;1971
811;Compte 811;2007
812;Compte 812;1970
813;Compte 813;2017
814;Compte 814;1982
815;Compte 815;1971
816;Compte 816;2009
817;Compte 817;1972
818;Compte 818;2015
819;Compte 819;2012
820;Compte 820;2012
821;Compte 821;2007
822;Compte 822;1975
823;Compte 823;2013
824;Compte 824;1982
825;Compte 825;1970
826;Compte 826;1973
827;Compte 827;1995
828;Compte 828;1996
829;Compte 829;1985
830;Compte 830;1981
831;Compte 831;1971
832;Compte 832;1995
833;Compte 833;1968
834;Compte 834;1985
835;Compte 835;2011
836;Compte 836;1994
837;Compte 837;2012
838;Compte 838;2017
839;Compte 839;2006
840;Compte 840;1984
841;Compte 841;1969
842;Compte 842;1995
843;Compte 843;2011
844;Compte 844;1982
845;Compte 845;1975
846;Compte 846;1987
847;Compte 847;1981
848;Compte 848;1991
849;Compte 849;2003
850;Compte 850;2001
851;Compte 851;1990
852;Compte 852;1991
853;Compte 853;2014
854;Compte 854;1992
855;Compte 855;1975
856;Compte 856;2004
857;Compte 857;1971
858;Compte 858;1971
859;Compte 859;2005
860;Compte 860;1977
861;Compte 861;1977
862;Compte 862;1989
863;Compte 863;1980
864;Compte 864;2005
865;Compte 865;1998
866;Compte 866;2007
867;Compte 867;1999
868;Compte 868;2002
869;Compte 869;1969
870;Compte 870;1982
871;Compte 871;1979
872;Compte 872;2003
873;Compte 873;2012
874;Compte 874;2008
875;Compte 875;1992
876;Compte 876;1984
877;Compte 877;2003
878;Compte 878;2010
879;Compte 879;2004
880;Compte 880;1979
881;Compte 881;2008
882;Compte 882;2003
883;Compte 883;2007
884;Compte 884;1986
885;Compte 885;1994
886;Compte 886;2005
887;Compte 887;1968
888;Compte 888;1997
889;Compte 889;1968
890;Compte 890;1973
891;Compte 891;2017
892;Compte 892;2014
893;Compte 893;1980
894;Compte 894;1979
895;Compte 895;1998
896;Compte 896;2017
897;Compte 897;2008
898;Compte 898;1980
899;Compte 899;1980
900;Compte 900;1998
901;Compte 901;2003
902;Compte 902;1976
903;Compte 903;2012
904;Compte 904;2013
905;Compte 905;2001
906;Compte 906;1999
907;Compte 907;2012
908;Compte 908;1980
909;Compte 909;1971
910;Compte 910;2004
911;Compte 911;2002
912;Compte 912;2002
913;Compte 913;1977
914;Compte 914;1968
915;Compte 915;1987
916;Compte 916;1984
917;Compte 917;1985
918;Compte 918;1994
919;Compte 919;1992
920;Compte 920;2008
921;Compte 921;1997
922;Compte 922;1976
923;Compte 923;1993
924;Compte 924;1994
925;Compte 925;1977
926;Compte 926;2015
927;Compte 927;2017
928;Compte 928;2006
929;Compte 929;1982
930;Compte 930;2010
931;Compte 931;1995
932;Compte 932;2017
933;Compte 933;1995
934;Compte 934;1995
935;Compte 935;2017
936;Compte 936;1980
937;Compte 937;1995
938;Compte 938;1997
939;Compte 939;1975
940;Compte 940;1992
941;Compte 941;2010
942;Compte 942;1995
943;Compte 943;1985
944;Compte 944;1988
945;Compte 945;2017
946;Compte 946;1974
947;Compte 947;2015
948;Compte 948;2012
949;Compte 949;1974
950;Compte 950;2001
951;Compte 951;1990
952;Compte 952;1979
953;Compte 953;1993
954;Compte 954;2012
955;Compte 955;1999
956;Compte 956;1977
957;Compte 957;1976
958;Compte 958;1988
959;Compte 959;1972
960;Compte 960;1986
961;Compte 961;2011
962;Compte 962;1979
963;Compte 963;2005
964;Compte 964;2016
965;Compte 965;2001
966;Compte 966;2007
967;Compte 967;2002
968;Compte 968;1984
969;Compte 969;2012
970;Compte 970;1969
971;Compte 971;1995
972;Compte 972;2006
973;Compte 973;1984
974;Compte 974;2012
975;Compte 975;1976
976;Compte 976;2007
977;Compte 977;2011
978;Compte 978;1997
979;Compte 979;1984
980;Compte 980;2009
981;Compte 981;2005
982;Compte 982;2009
983;Compte 983;1977
984;Compte 984;1977
985;Compte 985;1983
986;Compte 986;1974
987;Compte 987;1987
988;Compte 988;1989
989;Compte 989;2004
990;Compte 990;1979
991;Compte 991;1998
992;Compte 992;2014
993;Compte 993;2003
994;Compte 994;1982
995;Compte 995;1980
996;Compte 996;1989
997;Compte 997;1989
998;Compte 998;1970
999;Compte 999;2012
